200 6 39.977
250 8 64.8653
385 4 12.9338
433 3 53.6481
1011 8 33.8705
1156 4 93.1142
1375 3 36.8547
1426 9 94.0884
1488 2 22.8184
1653 4 37.1157
1903 10 36.0106
2030 2 27.5318
2272 5 25.7185
2301 4 78.6439
2361 7 84.7431
2463 4 70.4202
2505 5 64.4607
2536 5 80.2484
2668 3 103.8
2691 5 204.956
2740 4 123.132
2763 3 176.761
3004 3 45.5137
3360 3 75.1244
3687 7 92.5097
3706 2 67.3444
3731 3 327.48
4599 2 18.6311
4616 6 64.7926
4644 6 141.096
5030 2 39.0704
5148 4 170.403
5320 13 21.8495
5572 7 61.602
5662 3 48.1302
5676 4 104.94
5857 10 68.2229
5893 2 50.6954
5952 6 146.765
6040 4 63.2443
6054 3 147.152
6494 6 30.8185
6500 2 32.3911
6614 2 160.525
6704 3 90.892
7022 3 125.258
7600 6 51.2927
7638 6 108.433
7848 8 45.1581
7878 9 148.188
7927 10 58.1024
7929 4 60.914
8211 5 81.878
8289 4 17.8266
8323 2 40.7335
8475 4 37.2913
8483 4 102.948
8637 4 16.5954
8932 7 71.1394
8976 5 78.1828
9076 2 65.1683
9125 7 61.0188
9169 2 69.8216
9368 7 118.525
9773 6 51.3557
