200 6
-11 -29.07 47.2996 107.852 121.303
13 -32.5502 3.1439 45.0423 55.6617
250 8
-11 -41.5065 0.837956 366.356 368.7
13 4.14888 36.9412 676.508 677.528
385 4
-11 31.8377 3.03289 148.809 152.207
13 39.2916 17.6801 176.928 182.099
433 3
-11 -21.3355 -2.32661 -5.94184 22.2693
13 -8.46413 52.3058 27.8151 59.8434
1011 8
-11 14.4897 50.9912 125.198 135.958
13 3.21226 31.7318 170.679 173.633
1156 4
-11 -76.8462 -31.6697 213.734 229.326
13 1.09926 -82.1444 231.012 245.184
1375 3
-11 9.17813 -16.584 82.0278 84.1893
13 17.8307 -36.6737 43.5295 59.6467
1426 9
-11 -54.3554 66.5547 228.06 243.711
13 34.5148 11.1899 66.5915 75.8349
1488 2
-11 1.16304 15.4927 58.6455 60.6685
13 21.6885 63.2305 125.783 142.443
1653 4
-11 -7.64022 -9.13996 42.1257 43.7777
13 -79.0401 27.7109 398.362 407.072
1903 10
-11 -56.0538 57.3649 75.3257 110.031
13 -9.56658 -4.60257 16.7649 19.8438
2030 2
-11 13.3841 15.3883 108.806 110.701
13 14.1629 42.3051 102.894 112.149
2272 5
-11 -15.5289 -38.7181 69.2998 80.8869
13 -20.9145 -6.823 39.3915 45.1185
2301 4
-11 -8.9042 27.0697 88.1962 92.6856
13 12.9066 -1.10821 -13.6462 18.8159
2361 7
-11 61.8102 16.8029 242.327 250.65
13 20.1852 -27.8511 27.5451 44.0667
2463 4
-11 -9.24406 62.2915 92.6331 112.012
13 54.3771 49.7164 176.503 191.264
2505 5
-11 -53.4541 15.8519 205.858 213.275
13 -0.422058 19.4881 12.0278 22.9051
2536 5
-11 13.7048 -13.7656 -81.747 84.0231
13 -62.5211 -25.5435 -58.901 89.6141
2668 3
-11 -6.63735 -97.0821 667.461 674.517
13 -29.2383 15.5773 109.96 114.842
2691 5
-11 4.15465 46.6152 -107.378 117.134
13 70.6929 -15.8005 76.5303 105.376
2740 4
-11 -11.5476 4.7151 -125 125.62
13 -60.1988 -28.7284 -1.93861 66.7307
2763 3
-11 -64.3685 -61.5896 131.736 159.031
13 48.1933 -33.8255 515.489 518.841
3004 3
-11 17.7236 11.6386 75.4576 78.3801
13 18.2105 -22.5749 25.8025 38.8204
3360 3
-11 20.8258 -43.0887 145.094 152.783
13 -43.836 -29.2934 329.023 333.221
3687 7
-11 16.7569 27.021 166.422 169.432
13 64.4387 -63.4027 224.303 241.835
3706 2
-11 6.16729 -13.3306 590.787 590.97
13 -26.3467 -29.8582 187.688 191.866
3731 3
-11 31.0601 20.283 162.801 166.974
13 -87.8402 83.6231 -136.077 182.279
4599 2
-11 6.69858 10.5966 17.8691 21.8281
13 13.5855 12.0767 0.239917 18.1791
4616 6
-11 50.7714 -56.2408 809.516 813.054
13 40.6405 -2.8724 180.911 185.442
4644 6
-11 20.753 -14.4111 33.0681 41.6157
13 -21.3051 -13.1478 1133.63 1133.91
5030 2
-11 71.2672 9.03447 323.856 331.728
13 24.3827 -9.56191 248.8 250.175
5148 4
-11 -8.67336 -121.822 56.6278 134.62
13 38.7398 13.6778 -55.9715 69.4311
5320 13
-11 6.01148 13.6138 -22.535 27.0056
13 23.2667 59.0431 -33.5673 71.7927
5572 7
-11 83.1677 15.0312 634.713 640.315
13 31.4584 -8.72858 84.1997 90.3074
5662 3
-11 25.2235 -1.17179 176.858 178.651
13 13.384 -60.5673 446.237 450.528
5676 4
-11 37.4967 24.4836 577.921 579.654
13 45.0292 -65.1499 361.195 369.776
5857 10
-11 -33.6335 4.17563 480.698 481.891
13 -21.4347 25.9503 86.2224 92.559
5893 2
-11 -18.2595 35.0168 156.53 161.435
13 7.11994 8.73675 290.661 290.88
5952 6
-11 28.2031 23.7042 319.037 321.157
13 11.7091 -25.7039 -4.14547 28.548
6040 4
-11 11.9546 44.0127 68.0205 81.8952
13 34.3312 -1.48991 8.01118 35.2851
6054 3
-11 20.5295 -1.15063 -106.532 108.498
13 22.4569 29.5614 45.6854 58.8672
6494 6
-11 -29.3985 9.32295 49.1059 57.9877
13 -7.63493 30.6219 41.6989 52.2954
6500 2
-11 -1.71265 42.8251 103.599 112.115
13 -20.9391 11.0932 46.0687 51.8058
6614 2
-11 -35.4278 46.9467 68.3032 90.1358
13 -60.3135 -15.4151 -77.8152 99.6521
6704 3
-11 10.0263 -60.3351 261.995 269.039
13 21.3167 -38.9438 908.871 909.955
7022 3
-11 -72.2871 -90.9691 300.643 322.315
13 32.0195 -42.5802 378.403 382.135
7600 6
-11 -33.3397 -37.4538 213.129 218.948
13 17.1529 -20.2571 188.008 189.873
7638 6
-11 -39.4498 4.449 -322.476 324.91
13 -6.97179 -7.23053 6.77555 12.1163
7848 8
-11 6.0641 -8.74037 -2.44508 10.9154
13 73.8288 55.4009 -16.6077 93.7858
7878 9
-11 5.63985 13.8584 5.5872 15.9712
13 30.1613 11.0655 1087.81 1088.28
7927 10
-11 58.5844 23.4093 280.904 287.902
13 -11.8098 19.9404 106.654 109.143
7929 4
-11 3.81361 -27.5322 193.67 195.654
13 -50.3644 -5.23127 165.936 173.49
8211 5
-11 23.4031 -1.93365 393.598 394.298
13 -2.81316 -31.084 53.851 62.242
8289 4
-11 3.23215 40.7691 85.1592 94.4704
13 -9.55206 17.772 31.2987 37.2385
8323 2
-11 -39.4942 -19.5125 157.394 163.442
13 -38.9685 21.2186 158.459 164.554
8475 4
-11 -4.76507 28.2167 14.4588 32.0615
13 -17.3791 53.2222 103.761 117.902
8483 4
-11 -26.3372 28.4604 96.106 103.634
13 -28.1403 48.0921 -14.8972 57.6772
8637 4
-11 17.2211 6.64469 59.8238 62.6068
13 1.1099 13.1468 39.6574 41.7946
8932 7
-11 -13.9287 -19.5618 -4.9216 24.5132
13 45.5676 -26.579 -108.047 120.237
8976 5
-11 39.2855 18.2004 570.869 572.508
13 8.10295 -45.2235 289.008 292.637
9076 2
-11 17.258 -32.0929 1063 1063.62
13 21.9129 -13.4807 121.816 124.503
9125 7
-11 21.5737 27.1576 62.304 71.3075
13 14.8428 41.4589 345.238 348.035
9169 2
-11 16.0862 57.917 605.641 608.616
13 -18.3469 3.58658 741.61 741.845
9368 7
-11 33.4564 124.964 950.979 959.738
13 10.517 8.68143 6.23761 14.9965
9773 6
-11 -23.2186 -39.2305 1.1238 45.6005
13 -20.5926 -2.50784 -35.0143 40.6984
