179.001
92.2849
57.3306
92.2849
5.43012
264.957
263.102
193.605
252.024
8.5986
331.128
5.78746
93.4385
61.683
29.0993
61.683
132.371
77.1723
79.2018
77.1723
42.0442
237.825
364.835
269.972
125.422
75.6783
56.7539
364.835
964.625
964.625
92.4163
307.393
76.6281
7.62335
232.807
291.972
244.183
244.183
241.924
91.2219
101.685
90.7914
294.301
241.064
232.892
241.064
261.213
92.5785
114.082
143.692
85.0921
62.2316
92.5785
1.19656
278.792
204.521
204.521
246.064
92.4029
92.4029
120.836
299.734
198.227
126.856
433.376
62.5643
280.812
169.647
126.856
433.376
169.647
200.434
240.033
319.875
130.722
91.0109
146.952
135.885
176.468
102.874
107.921
100.882
35.1644
40.9283
74.2516
146.952
135.885
176.468
35.1644
40.9283
74.2516
335.45
96.4897
275.761
185.895
259.446
95.1347
96.4897
5.73677
5.73677
94.3354
91.0285
113.399
49.3075
131.429
3.76714
405.654
151.669
91.2447
163.598
219.368
221.667
70.6645
80.0109
80.4544
74.0994
151.669
163.598
80.4544
163.598
250.045
104.843
106.148
104.843
227.887
224.152
224.152
507.01
458.833
301.499
458.833
94.2311
283.512
113.81
111.72
530.175
124.858
227.582
181.281
137.608
94.172
124.858
227.582
94.172
227.582
417.962
83.0405
208.76
197.075
69.3008
94.0757
83.0405
208.76
94.0757
208.76
234.129
199.564
214.27
107.97
82.7814
111.639
199.564
214.27
111.639
476.423
10.5138
10.5138
85.6174
220.251
164.138
144.012
104.596
88.5587
220.251
164.138
88.5587
164.138
195.733
189.596
96.7775
189.596
2.96215
200.767
247.634
247.634
285.135
231.911
113.464
80.8939
77.405
73.8772
231.911
113.464
73.8772
211.756
113.478
130.76
113.478
209.931
193.824
77.1378
58.6007
125.474
104.091
53.8322
77.1378
58.6007
53.8322
245.777
222.463
129.582
94.0486
295.253
68.9843
70.107
254.563
162.256
128.88
85.9091
54.3922
123.939
111.918
68.9843
70.107
254.563
54.3922
123.939
111.918
70.107
348.616
256.874
86.8106
220.289
86.8106
328.39
93.9885
93.9885
228.074
210.457
256.566
210.457
92.5983
214.346
107.346
214.346
14.9902
93.3372
0.323482
277.185
176.59
37.871
176.59
97.5216
408.719
124.991
98.3631
230.316
107.85
44.2887
124.991
98.3631
44.2887
509.615
130.547
241.717
11.6536
171.232
177.322
36.6208
131.807
113.382
101.909
67.9651
36.6208
131.807
67.9651
131.807
111.691
151.997
63.8164
151.997
291.004
158.916
103.226
62.8871
103.226
0.27914
330.32
113.473
573.837
165.806
49.7796
189.303
41.3384
20.8135
96.291
145.434
37.9098
573.837
165.806
49.7796
96.291
145.434
37.9098
410.884
222.106
115.869
183.945
215.2
165.413
222.106
0.279725
0.279725
210.703
210.703
115.67
272.087
146.063
272.087
301.127
20.9044
337.843
123.394
100.62
123.394
92.1064
3.59622
3.59622
314.167
79.8801
79.8801
241.341
81.63
99.3941
81.63
312.125
484.458
111.525
129.285
111.525
90.7139
90.5282
75.7935
90.5282
298.993
74.1175
179.479
74.1175
343.093
528.333
230.794
13.6998
13.6998
463.43
95.8769
250.339
96.0081
427.865
98.4984
266.915
107.522
198.978
525.728
152.912
126.47
90.7795
177.499
50.9221
129.066
270.926
65.172
231.328
71.861
197.546
95.8769
96.0081
427.865
98.4984
90.7795
177.499
50.9221
231.328
71.861
197.546
329.752
294.088
294.088
199.701
198.54
198.54
96.9481
96.948
96.948
365.537
36.101
36.101
310.5
332.366
332.366
320.912
102.107
143.143
248.847
149.524
163.149
91.4702
59.3725
69.8193
78.3431
35.2567
39.6954
248.847
149.524
163.149
78.3431
35.2567
39.6954
149.524
92.3815
90.9961
90.9961
316.697
159.2
194.914
164.204
94.3366
145.317
135.066
150.81
98.7553
240.182
104.173
33.6615
246.526
138.438
175.039
38.5938
64.5508
165.011
112.087
90.775
52.0454
123.157
123.452
106.548
27.8467
49.3698
115.63
109.501
159.2
194.914
164.204
94.3366
145.317
135.066
138.438
175.039
38.5938
64.5508
165.011
112.087
90.775
52.0454
123.157
123.452
106.548
27.8467
49.3698
115.63
109.501
194.914
94.3366
135.066
90.775
139.269
94.3366
313.371
91.6104
150.012
91.6104
680.008
122.31
180.646
93.7103
13.2011
12.885
171.841
44.0664
44.0664
209.48
153.875
360.039
135.182
127.145
172.748
96.1771
133.599
105.492
241.581
153.875
135.182
100.66
136.055
93.9296
93.9296
249.997
200.881
0.3522
209.27
204.384
278.228
102.291
137.96
102.291
183.626
40.7471
91.7333
40.7471
13.9653
93.4923
92.3248
92.3248
228.315
93.6016
201.069
264.842
338.394
107.877
65.2003
181.634
143.533
22.9426
107.877
65.2003
22.9426
33.1108
