2.69852
1.16242
1.16242
1.30126
2.42089
0.989851
0.991729
0.00638987
3.09259
3.02737
1.27279
3.11074
2.81532
0.642769
0.642769
0.000751368
0.00446178
1.61695
1.61695
0.523651
2.80374
0.00213843
0.906367
0.737196
0.906367
0.737196
0.737196
1.57444
0.000552944
1.15897
2.95439
2.83657
1.74371
0.000221147
0.0113812
0.000559778
0.42227
0.422006
2.81048
2.55539
0.0011854
1.7563
0.853352
1.8311
1.8311
0.853352
2.50461
0.330273
1.39115
0.330273
1.39115
1.39115
3.12303
1.72143
1.06516
0.0208607
0.00255618
2.83217
0
2.54106
1.08308
1.26548
2.43515
2.80437
1.00763
2.80437
1.00763
1.00763
3.11238
0.164438
0.164438
2.17573e-07
0.00289269
2.80192
1.61408
2.98832
2.54974
2.29481
2.02704
2.54974
2.29481
2.02704
2.29481
2.02704
2.02704
0.558238
2.85321
2.58544
2.85321
2.58544
2.58544
2.64736
0.716283
2.21491
0.716283
2.21491
2.21491
2.56669
1.49407
1.73473
2.036
1.55588
2.89339
0.270144
2.75228
1.87657
2.61733
0.966367
0.272759
2.69808
0.966367
0.272759
2.69808
0.272759
2.69808
2.69808
3.05866
0.000360575
2.42496
2.66865
0.842321
2.46488
2.52407
0.841267
0.155075
1.37095
0.159244
2.58831
2.82051
1.43843
1.2623
0.608873
2.5676
2.72468
0.00443193
0.000633763
2.99277
0.866909
2.99277
0.866909
0.866909
0.00056179
1.23777
1.23777
2.57666
0.000148321
2.53426
0.18566
2.53426
0.18566
0.18566
0.000647967
0.278309
0.278309
0.709994
2.97598
2.63557
0.766512
2.63557
0.766512
0.766512
2.60393
1.34591
1.34591
2.40065
0.00152905
2.64987
2.86231
1.94888
2.52548
1.94888
2.52548
2.52548
0
2.89718
2.89718
1.40578
0.000186389
2.67834
2.67834
2.92908
0.0900385
0.0126653
2.98252
0.62284
0.00349966
0.339453
1.38352
0.339453
1.38352
1.38352
0.00756695
1.86145
1.86145
0.493575
2.4458
2.4458
0.494297
0.0130978
0.7204
2.68434
2.12318
2.68434
2.12318
2.12318
0.720854
2.84294
2.84294
2.73518
3.132
1.39504
0.682196
0.000769324
3.12918
2.19936
0.767086
3.12918
2.19936
0.767086
2.19936
0.767086
0.767086
0.00433754
2.59973
0.366714
2.59973
0.366714
0.366714
0.94063
2.98046
3.13032
0.674832
0.674832
3.11631
3.08755
0.00263336
2.79402
3.02797
0.00130319
0.94895
2.72723
2.66541
2.61275
2.61275
0.010666
0.963753
3.13468
0
2.13698
0.0024658
3.08642
1.90948
0.675119
0.000487886
2.94904
1.86029
2.94904
1.86029
1.86029
0.000519919
2.33964
2.33964
2.77345
2.70942
2.08342
2.85983
2.20344
0.630851
2.47245
0.466945
0.000702412
0.466945
0.466945
0.723537
0.171982
0.171982
2.4832
2.84263
2.61671
2.61671
0.00183103
1.26075
2.89047
1.53471
1.53471
1.64277
2.0335
1.41776
0.49405
2.49652
2.01143
2.89209
2.49652
2.01143
2.89209
2.01143
2.89209
2.89209
3.02964
2.50683
2.89569
2.50683
2.89569
2.89569
2.82971
1.17414
0.736054
1.17414
0.736054
0.736054
2.68245
0
0.0576856
0.632605
0.624826
0.000895936
0.28447
0.28447
1.03434
0.753667
0.75035
0.000204356
1.28118
1.28118
0.00101324
3.03365
1.59964
0.708893
2.49574
0.00241264
2.81077
0.00180465
2.83153
2.83153
0.000440634
0.809174
0.578686
2.71116
2.71116
0.579023
2.99606
2.39317
1.81457
0.71099
2.99179
0.59922
0.59922
2.73257
5.1849e-05
0.0024593
1.98383
0.000293513
2.71837
2.83044
0.494269
2.25007
0.73573
0.419871
0.91403
0.494269
2.25007
0.73573
0.419871
0.91403
2.25007
0.73573
0.419871
0.91403
0.73573
0.419871
0.91403
0.419871
0.91403
0.91403
2.67407
1.7558
0.0743977
0.419761
1.23
0.0743977
0.419761
0.0743977
0.419761
0.419761
0.62906
2.38424
0.628497
0.886549
2.55733
0.882816
3.00621
2.92495
0.171009
0.47545
3.07067
0.47538
0.00220899
2.37285
0.000364875
2.89871
2.43676
0.000330236
2.25174
1.77253
1.50603
2.25174
1.77253
1.50603
1.77253
1.50603
1.50603
1.91092
2.90063
2.63414
2.90063
2.63414
2.63414
0.00348901
0.742225
2.45788
1.08678
0.00144585
1.84787
1.92589
2.66076
1.06513
2.86454
3.03116
1.84787
1.92589
2.66076
1.06513
2.86454
3.03116
1.92589
2.66076
1.06513
2.86454
3.03116
2.66076
1.06513
2.86454
3.03116
1.06513
2.86454
3.03116
2.86454
3.03116
3.03116
3.01239
2.74367
2.80465
0.247353
2.60087
2.21338
2.74367
2.80465
0.247353
2.60087
2.21338
2.80465
0.247353
2.60087
2.21338
0.247353
2.60087
2.21338
2.60087
2.21338
2.21338
1.69219
2.81644
3.02023
0.909444
2.87547
0.696707
3.0775
0.782635
0.782635
3.08167
2.99713
2.9161
2.20974
1.34089
0.00508473
1.90913
0.135279
1.26142
0.000488386
0.000154157
2.45361
0.996671
1.91228
2.45361
0.996671
1.91228
0.996671
1.91228
1.91228
0.00471747
0.811997
2.09695
1.65782
2.22045e-16
2.06504
0.513505
2.91895
2.91195
1.02703
1.03137
2.85811
0.307801
0.307801
2.85261
2.2373e-06
2.3287
2.3287
0.000563093
1.01361
2.69707
2.38522
0.806108
0.000212126
0.00242817
4.98435e-05
0.00334702
0.000122013
2.6609
2.64372
2.6609
2.64372
2.64372
0.0035937
2.80192
2.80192
1.38571
