0.350463
0.0231855
0.00184625
12.631
33.0514
7.88126
12.0521
4.60216
2.30624
12.7405
2.35989
8.13229
1.01891
1.42328
11.0654
7.67739
0.348206
0.247401
0.242588
0.444552
0.767024
0.474035
0.235674
0.450608
24.3334
3.47594
1.16935
0.07032
1.06757
7.21281
2.8047
0.525755
3.67907
0.171301
0.044261
1.79494
0.0210739
0.334627
0.120248
0.921503
0.0274405
0.633091
11.9007
3.16764
3.60873
0.226787
0.570996
0.703166
1.12971
0.828047
2.65849
0.576848
0.432114
0.385421
1.83965
0.376447
1.08242
4.56241
0.548604
0.15154
2.41989
2.75563
0.100264
0.1261
0.994531
0.171424
2.60683
25.5077
6.10507
5.95864
6.20265
2.34145
0.104793
8.12196
2.37114
1.06862
1.70277
5.7805
0.384296
4.34564
3.70962
0.886414
6.65686
120.128
1.5924
4.22664
0.291613
2.2908
0.127037
0.070403
1.01785
0.859931
0.0099979
0.724417
3.43005
0.839583
0.204932
1.35818
0.946724
0.148132
155.114
39.48
65.0884
57.4843
3.0883
1.52576
7.34192
6.4355
33.0196
25.0695
23.5419
43.2672
6.13744
19.7412
12.7203
6.76833
1.14917
9.39562
11.0241
38.875
0.494813
5.34575
5.06653
0.305148
1.9646
1.82928
0.666916
0.276314
0.0513577
0.197116
7.35372
7.74802
0.874449
6.22637
67.8808
2.91514
0.053431
1.4787
0.0281927
2.34423
0.0438576
0.527386
0.13367
0.142716
3.332
4.02079
8.04836
31.5752
1.95822
13.8443
74.6554
19.3758
0.911291
0.54084
0.5374
3.90862
0.438059
0.497533
0.553097
1.45462
4.40785
3.54718
50.2978
13.8668
21.7005
3.69989
77.3178
27.2157
36.7638
18.6296
27.9794
20.8947
0.212148
17.1456
16.6875
3.31558
3.30131
1.14369
2.36962
0.499724
0.946249
0.537564
14.4503
86.2035
0.399153
16.4652
11.4228
3.69386
0.199124
0.0370711
2.9185
0.974812
1.04367
1.44517
1.02855
0.479059
0.658072
2.8004
3.06969
0.760138
0.456203
5.54866
0.144246
0.122057
0.157514
0.223141
0.174379
0.211489
0.531183
0.972354
0.216497
0.132194
0.579993
0.240641
0.388887
0.41659
0.699404
0.0482523
1.10201
0.114692
0.203824
6.55347
10.4682
0.168646
0.391185
2.62059
2.46183
0.936967
0.73888
0.0288487
0.388401
2.78304
0.593391
0.297037
0.55511
0.122001
1.56221
2.15401
1.44408
5.0024
0.872861
2.18068
2.28084
3.90842
1.10299
3.09709
3.48358
1.47363
1.14063
1.7766
1.91672
0.197942
0.324707
0.665157
0.0708803
0.0748515
0.738021
0.155844
0.0310329
5.69241
0.23953
0.0750187
0.0688189
0.622381
3.31407
0.183153
0.910108
2.03234
0.744418
1.14767
1.51365
0.517716
2.0693
0.802117
0.687187
16.1666
5.8771
32.9634
2.29374
0.241705
0.0282293
3.71834
3.07219
14.5462
0.076938
0.0921104
2.19301
2.0309
0.0220997
9.14453
31.7238
17.3051
0.498791
