2.69928
1.29024
1.29024
1.56898
2.472
1.0521
1.05389
0.0109474
3.0927
3.0545
3.83284
4.21454
2.87311
1.00915
1.00915
0.00355527
0.00482576
1.61731
1.61731
2.0471
6.17162
0.00221177
1.42196
0.739373
1.42196
0.739373
0.739373
1.57455
0.000760119
1.39016
2.96193
2.88197
3.59827
0.000269962
0.0194804
0.00860812
0.981353
0.981999
2.83966
2.57253
0.00125355
2.39
0.867321
2.90459
2.90459
0.867321
2.51005
1.10599
1.658
1.10599
1.658
1.658
3.14458
1.72826
1.63345
0.0210529
0.00511617
2.83572
6.73217e-07
2.6462
1.63935
1.38093
3.23574
3.05506
4.78221
3.05506
4.78221
4.78221
3.14121
4.20338
4.20338
2.63403e-07
0.00640919
2.80192
1.61413
2.98898
2.54975
2.45111
2.24357
2.54975
2.45111
2.24357
2.45111
2.24357
2.24357
0.898597
2.85754
3.07552
2.85754
3.07552
3.07552
3.30525
0.888194
2.73997
0.888194
2.73997
2.73997
2.97772
1.84992
2.25712
2.04879
1.56917
2.92456
1.43409
3.60472
1.90042
2.61755
0.971554
0.64729
2.79064
0.971554
0.64729
2.79064
0.64729
2.79064
2.79064
3.17742
0.00242032
2.42834
2.95393
1.01611
2.47269
2.54692
1.01886
1.00943
3.00646
1.01677
2.62317
2.82376
2.61942
1.31401
1.28599
2.58223
2.93769
0.00617826
0.00103494
3.01149
1.29814
3.01149
1.29814
1.29814
0.000660138
1.80658
1.80658
5.70961
0.00556859
2.93935
0.480445
2.93935
0.480445
0.480445
0.000687456
1.07625
1.07625
0.794876
3.11566
2.84088
2.79666
2.84088
2.79666
2.79666
3.25887
3.45898
3.45898
2.47038
0.00190953
3.38565
3.06228
2.4292
2.52661
2.4292
2.52661
2.52661
5.51422e-07
2.90221
2.90221
1.43217
0.000988318
2.69044
2.69044
2.94025
0.164846
1.50051
3.39655
1.60809
0.00411837
2.04906
1.42056
2.04906
1.42056
1.42056
0.0110225
1.91253
1.91253
0.947063
2.58358
2.58358
0.946507
0.0303803
0.946689
2.72964
2.16439
2.72964
2.16439
2.16439
0.946998
2.84968
2.84968
3.78561
4.40394
1.81921
1.20974
0.00112928
3.13564
2.20432
2.30586
3.13564
2.20432
2.30586
2.20432
2.30586
2.30586
0.00786449
2.71445
1.58452
2.71445
1.58452
1.58452
0.99989
3.77232
3.13473
0.683756
0.683756
3.12005
3.09055
0.00447892
3.24088
3.14815
0.00501249
1.72717
2.95911
2.72722
3.0266
3.0266
0.0107678
1.33655
3.26834
1.30168e-06
2.28051
0.00391033
3.44296
2.18725
1.11949
0.000590369
2.95691
1.88001
2.95691
1.88001
1.88001
0.00244443
2.33976
2.33976
2.83957
2.72177
2.2042
3.00852
2.38405
1.19706
2.50244
1.72703
0.00144653
1.72703
1.72703
1.42867
0.68092
0.68092
2.49635
3.45358
2.7552
2.7552
0.00183119
1.27542
2.92601
1.6521
1.6521
2.02618
3.98137
2.22624
0.626056
5.15651
3.08022
3.18534
5.15651
3.08022
3.18534
3.08022
3.18534
3.18534
3.25536
3.17495
3.04772
3.17495
3.04772
3.04772
2.83738
1.32549
0.747931
1.32549
0.747931
0.747931
2.70986
5.23684e-07
0.0635691
1.24205
1.24881
0.001062
2.32212
2.32212
1.92298
0.800054
0.798683
0.00030316
1.3741
1.3741
0.00139911
3.0861
1.9882
0.828444
2.53883
0.00385576
2.91145
0.00192575
2.8666
2.8666
0.000800576
0.909484
0.592254
2.76618
2.76618
0.592754
3.50598
2.49898
2.14289
1.09791
2.99393
0.622396
0.622396
3.05499
5.38289e-05
0.00530981
2.15036
0.000330365
2.75067
2.87519
0.658537
2.27104
0.760653
2.79941
0.980377
0.658537
2.27104
0.760653
2.79941
0.980377
2.27104
0.760653
2.79941
0.980377
0.760653
2.79941
0.980377
2.79941
0.980377
0.980377
2.88612
1.90656
2.33377
0.894321
1.38117
2.33377
0.894321
2.33377
0.894321
0.894321
0.879184
3.08745
0.879396
0.992415
2.55943
0.989533
3.0218
2.99976
0.886917
0.811655
3.3077
0.810804
0.00264596
2.38653
0.000885645
2.90892
2.54159
0.000561173
3.15145
1.85175
2.1883
3.15145
1.85175
2.1883
1.85175
2.1883
2.1883
1.97445
2.92788
3.00701
2.92788
3.00701
3.00701
0.0226476
0.951171
2.51433
1.11428
0.00688285
2.09914
1.98547
2.94535
1.61774
3.11624
3.58328
2.09914
1.98547
2.94535
1.61774
3.11624
3.58328
1.98547
2.94535
1.61774
3.11624
3.58328
2.94535
1.61774
3.11624
3.58328
1.61774
3.11624
3.58328
3.11624
3.58328
3.58328
3.46003
2.83455
2.98912
1.4679
2.98079
2.77979
2.83455
2.98912
1.4679
2.98079
2.77979
2.98912
1.4679
2.98079
2.77979
1.4679
2.98079
2.77979
2.98079
2.77979
2.77979
3.98451
3.12256
4.88415
3.93559
2.95956
1.84604
3.24815
0.838134
0.838134
3.34739
2.99896
2.92884
2.29317
1.68716
0.00684411
1.91178
0.159272
1.55041
0.00148203
0.000934768
2.45418
1.94765
2.62298
2.45418
1.94765
2.62298
1.94765
2.62298
2.62298
0.00559329
2.68164
2.28705
2.23612
8.07299e-07
2.17639
1.06053
2.93007
3.05477
1.06601
1.06662
3.32357
1.17735
1.17735
2.8552
2.78139e-06
2.36891
2.36891
0.000614338
3.65107
2.70321
2.55342
0.827938
0.000842399
0.00243625
9.1833e-05
0.0219498
0.00155528
2.79212
2.66409
2.79212
2.66409
2.66409
0.00360016
2.97491
2.97491
2.59733
