51.6076
153.917
153.917
17.5696
20.6102
123.879
123.186
1.77125
20.7765
34.4527
106.57
113.488
10.6377
52.6765
52.6765
3.13817
14.3131
88.793
88.793
21.9518
26.2292
2.77786
387.305
419.135
387.305
419.135
419.135
40.5366
0.285362
67.1722
112.217
66.6957
27.63
0.973492
9.60008
2.38628
16.6669
16.2986
33.3888
13.8977
0.410648
42.0186
12.0939
49.9719
49.9719
12.0939
19.0367
96.1168
105.854
96.1168
105.854
105.854
63.6841
9.73672
46.7046
5.53028
4.96745
48.2061
0
79.9503
116.385
109.731
13.4934
35.0181
50.0842
35.0181
50.0842
50.0842
51.6092
102.827
102.827
0.00306219
1.3433
457.922
442.411
9.52571
32.7161
33.57
36.2834
32.7161
33.57
36.2834
33.57
36.2834
36.2834
49.7691
91.6164
94.3298
91.6164
94.3298
94.3298
108.851
168.383
169.338
168.383
169.338
169.338
47.1354
0.173098
52.7196
161.759
167.641
92.8609
21.5894
141.549
109.759
44.8901
177.032
201.373
248.769
177.032
201.373
248.769
201.373
248.769
248.769
78.8667
1.16781
46.2281
93.3319
31.8734
3.73099
33.0987
21.0667
87.357
20.7306
84.8058
341.761
128.242
137.439
196.205
60.4464
96.3866
58.3817
1.52502
1.10193
188.274
202.594
188.274
202.594
202.594
0.210143
84.5953
84.5953
50.8654
5.0422
174.359
177.259
174.359
177.259
177.259
0.190505
51.8448
51.8448
23.0577
3.12384
62.1545
98.0456
62.1545
98.0456
98.0456
35.4235
88.0291
88.0291
146.043
0.315036
166.433
71.7817
112.177
123.187
112.177
123.187
123.187
0
18.1334
18.1334
51.3436
1.12477
24.9788
24.9788
13.2236
65.6864
98.9248
10.7145
64.9354
1.96703
69.3777
84.0989
69.3777
84.0989
84.0989
3.94293
64.0788
64.0788
31.1358
33.0985
33.0985
27.5628
22.058
7.00919
48.4751
54.4341
48.4751
54.4341
54.4341
5.56522
60.7793
60.7793
205.55
128.063
46.0159
112.256
0.949164
90.4952
118.859
133.813
90.4952
118.859
133.813
118.859
133.813
133.813
4.7075
49.9216
64.8759
49.9216
64.8759
64.8759
58.5391
15.2209
0.406371
53.1128
53.1128
10.5658
114.942
0.782681
101.757
104.876
0.50884
15.7143
85.0124
20.3857
64.4857
64.4857
2.83778
49.1428
77.0283
0
68.6842
1.88264
61.7132
52.6286
26.5591
0.762377
97.8484
158.789
97.8484
158.789
158.789
60.2041
84.3414
84.3414
252.132
215.707
73.5641
86.2526
16.9998
8.91563
37.0429
53.4431
0.422717
53.4431
53.4431
8.1159
57.9917
57.9917
36.9114
54.5962
87.1873
87.1873
0.273234
101.553
53.6855
144.528
144.528
25.2576
26.1693
147.033
39.7596
86.8196
94.8055
102.581
86.8196
94.8055
102.581
94.8055
102.581
102.581
112.863
133.095
140.87
133.095
140.87
140.87
37.1408
201.23
217.418
201.23
217.418
217.418
57.0299
0
98.6694
74.179
67.9774
3.70119
244.594
244.594
22.22
24.4063
13.273
0.300351
104.948
104.948
0.570268
56.1854
29.4336
89.916
147.588
0.564508
171.076
1.10188
100.108
100.108
0.133746
19.1301
11.1023
126.364
126.364
10.6724
46.6183
7.93516
29.6431
33.2954
41.5344
137.456
137.456
9.58478
2.42682
1.10902
141.598
0.668539
147.475
29.095
191.882
201.41
209.943
223.052
231.542
191.882
201.41
209.943
223.052
231.542
201.41
209.943
223.052
231.542
209.943
223.052
231.542
223.052
231.542
231.542
100.337
9.52829
31.1699
39.6608
18.061
31.1699
39.6608
31.1699
39.6608
39.6608
59.8063
35.5599
42.4007
95.2779
27.6179
94.7031
146.438
0.975363
155.544
119.043
10.5027
102.797
67.8772
42.3312
0.73794
139.006
159.194
0.0825136
7.96367
13.4846
21.6135
7.96367
13.4846
21.6135
13.4846
21.6135
21.6135
98.3163
108.015
116.144
108.015
116.144
116.144
16.1321
2.48226
43.2376
69.4893
3.17689
25.9236
30.5193
56.3247
71.1924
72.0233
77.1873
25.9236
30.5193
56.3247
71.1924
72.0233
77.1873
30.5193
56.3247
71.1924
72.0233
77.1873
56.3247
71.1924
72.0233
77.1873
71.1924
72.0233
77.1873
72.0233
77.1873
77.1873
27.43
61.0254
86.8308
101.699
102.529
107.693
61.0254
86.8308
101.699
102.529
107.693
86.8308
101.699
102.529
107.693
101.699
102.529
107.693
102.529
107.693
107.693
71.2502
40.8491
25.1505
25.9813
19.9864
44.8176
27.6186
217.774
217.774
33.0383
193.663
186.732
143.406
4.81515
1.15776
149.158
111.142
31.4067
0.440027
1.80268
110.92
125.793
128.946
110.92
125.793
128.946
125.793
128.946
128.946
38.1332
21.1291
17.9758
82.9789
0
117.559
58.3961
4.6954
30.2084
56.7838
47.4148
27.4187
94.4025
94.4025
61.5429
0.0982966
106.338
106.338
0.18691
35.2137
24.8131
4.60395
48.0109
1.78151
10.4483
0.166871
12.5366
1.95293
108.153
114.782
108.153
114.782
114.782
3.7789
78.2159
78.2159
119.276
